dataset_name: my_dataset
n_rows: 333
n_columns: 7
columns:
  species:
    type: String
    missing: 0
    unique_values: 3
  island:
    type: String
    missing: 0
    unique_values: 3
  bill_length_mm:
    type: Float64
    missing: 0
    mean: 43.99279279279279
    std: 5.46866834264756
    min: 32.1
    max: 59.6
  bill_depth_mm:
    type: Float64
    missing: 0
    mean: 17.164864864864864
    std: 1.9692354633199023
    min: 13.1
    max: 21.5
  flipper_length_mm:
    type: Float64
    missing: 0
    mean: 200.96696696696696
    std: 14.015765288287879
    min: 172.0
    max: 231.0
  body_mass_g:
    type: Float64
    missing: 0
    mean: 4207.057057057057
    std: 805.2158019428964
    min: 2700.0
    max: 6300.0
  sex:
    type: String
    missing: 0
    unique_values: 2
